0
0
0
0
0
0
0
0
0
0
0
0
0
0
0
0
0
0
0
0
0
9.49331e-08
0
0
0
0
0
2.4395e-07
3.9032e-07
9.71633e-08
0
0
0
0
0
0
0
0
0
0
0
0
0
0
0
0
0
0
0
0
0
0
0
0
0
0
0
0
0
0
0
0
0
0
0
0
0
0
0
0
0
0
0
0
0
0
0
0
0
0
0
0
0
0
0
0
0
0
0
0
0
0
0
0
0
0
0
0
0
0
0
0
0
0
0
0
0
0
0
0
0
0
0
0
0
0
0
0
0
0
0
0
0
0
0
0
0
0
0
0
0
0
0
0
0
0
0
0
0
0
0
0
0
0
0
0
0
0
0
0
0
0
0
0
0
0
0
0
0
0
0
0
0
0
0
0
0
0
0
0
0
0
0
0
0
0
0
0
0
0
0
0
0
0
0
0
0
0
0
0
0
0
0
0
0
0
0
0
0
0
0
0
0
0
0
0
0
0
0
0
0
0
0
0
0
0
0
0
0
0
0
0
0
0
0
0
0
0
0
0
0
0
0
0
0
0
0
0
0
0
0
0
0
0
0
0
0
0
0
0
0
0
0
0
0
0
0
0
0
0
0
0
0
0
0
0
0
0
0
0
0
0
0
0
0
0
0
0
0
0
0
0
0
0
0
0
0
0
0
0
0
0
0
0
0
0
0
0
0
0
0
0
0
0
0
0
0
0
0
0
0
0
0
0
0
7.38235e-07
0
0
0
0
5.09012e-08
2.16041e-06
0
0
0
0
0
0
0
0
0
0
0
0
0
0
0
0
0
0
0
0
0
0
0
0
0
0
0
0
0
0
0
0
0
0
0
0
0
0
0
0
0
0
0
0
0
0
0
0
0
0
0
0
0
0
2.3657e-07
4.76594e-07
1.4263e-06
4.72762e-07
1.04091e-06
0
0
0
1.41942e-06
2.07849e-06
2.08015e-06
7.58852e-07
1.09439e-06
1.80373e-06
0
0
0
0
0
0
0
0
0
0
0
0
0
0
0
0
0
0
0
0
0
0
0
0
0
0
0
0
0
0
0
0
0
0
0
0
0
0
0
0
0
0
0
0
0
0
0
0
0
0
0
0
0
0
0
0
0
0
0
0
0
0
0
0
0
0
0
0
0
0
0
0
0
0
0
0
0
0
0
0
0
0
0
0
0
0
0
0
0
0
0
0
0
0
0
0
0
0
0
0
0
0
0
0
0
0
0
0
5.98615e-07
2.84641e-06
3.00211e-06
3.3922e-06
1.76548e-05
4.56397e-06
1.17166e-06
6.13123e-07
3.77607e-07
0
0
0
0
0
0
0
0
0
0
0
0
0
0
0
0
0
0
0
0
0
0
1.88667e-06
5.82484e-07
5.63547e-06
8.75964e-07
4.42553e-07
0
4.96092e-06
8.88224e-07
2.95294e-07
1.08561e-06
3.43009e-07
1.85243e-06
6.81305e-07
1.06517e-06
7.8064e-07
7.7997e-07
0
0
0
0
0
0
0
0
0
0
0
0
0
0
0
0
0
0
3.05119e-07
7.5994e-07
5.06154e-08
0
0
1.97732e-07
0
9.84314e-08
0
9.81734e-08
0
0
0
0
0
0
0
0
0
0
0
0
0
0
0
0
0
7.48837e-07
0
0
0
0
0
0
0
0
0
0
0
0
0
0
0
0
0
0
0
0
0
0
0
0
0
0
0
0
0
0
0
0
0
0
0
7.44139e-07
2.1332e-06
0
0
0
0
0
0
0
0
0
0
0
0
0
0
0
0
0
0
0
0
0
0
0
0
0
0
0
0
0
0
0
0
0
0
0
0
2.03797e-07
5.09012e-08
1.11667e-06
1.16199e-06
2.59107e-06
2.98631e-06
7.5294e-07
5.50645e-07
0
0
0
0
0
0
0
0
0
0
0
0
0
0
0
0
0
0
0
0
0
0
3.41824e-07
6.8483e-07
0
0
0
4.97427e-08
4.21646e-06
1.72949e-05
3.59907e-06
2.30507e-06
1.81621e-06
2.06164e-06
4.07776e-06
1.61845e-06
6.87814e-07
6.87814e-07
6.87814e-07
6.87814e-07
6.87814e-07
6.87814e-07
6.87814e-07
6.87814e-07
6.87814e-07
6.87814e-07
6.87814e-07
